Namespace(K=3, batch_size=256, decay_rate=0.01, learning_rate=0.0001, n_epochs=20, nbins=200, num_test=20000, num_train=200000, prtb=False, resampleTrain=False, rm_band=False, select_per_bin=400, sim='pau')
Training on sim:  pau
X training data shape:  (2400000, 46)
y training data shape:  (2400000,)
----------
number of datapoints:  2400000
z-minmax:  0.015471529095994026 1.4478211691914005
ColMag-min:  [-5.895e-01 -1.139e+00 -1.793e+00 -8.705e-01 -8.636e-01 -7.595e-01
 -7.279e-01 -9.119e-01 -8.815e-01 -8.998e-01 -9.174e-01 -1.064e+00
 -8.400e-01 -1.243e+00 -7.860e-01 -8.075e-01 -6.436e-01 -5.771e-01
 -8.007e-01 -6.341e-01 -7.925e-01 -2.134e+00 -1.423e+00 -4.770e-01
 -5.658e-01 -5.727e-01 -1.352e+00 -1.572e+00 -1.718e+00 -4.947e-01
 -5.148e-01 -4.987e-01 -1.464e+00 -1.140e+00 -8.531e-01 -5.816e-01
 -8.111e-01 -1.239e+00 -1.272e+00 -7.437e-02 -9.140e+00 -1.433e-03
 -2.501e+00 -6.028e+00  1.041e-01  2.005e+01]
ColMag-max:  [ 1.908e+00  1.575e+00  1.346e+00  1.388e+00  1.981e+00  2.375e+00
  2.060e+00  1.960e+00  1.940e+00  2.114e+00  1.415e+00  1.259e+00
  1.167e+00  1.587e+00  8.356e-01  9.946e-01  9.873e-01  5.317e-01
  4.587e-01  8.041e-01  9.060e-01  7.475e-01  9.668e-01  1.896e+00
  1.334e+00  7.104e-01  5.639e-01  8.850e-01  1.333e+00  2.045e+00
  1.614e+00  8.448e-01  5.320e-01  6.750e-01  1.339e+00  1.097e+00
  7.379e-01  1.228e+00  1.461e+00  4.897e+00 -1.322e-01  6.594e+00
  1.657e-02 -8.000e-04  8.999e+00  4.533e+01]
----------
----------
number of datapoints:  1200000
z-minmax:  0.015471529095994026 1.4478211691914005
ColMag-min:  [-5.895e-01 -1.139e+00 -1.793e+00 -8.705e-01 -8.604e-01 -7.595e-01
 -7.279e-01 -9.119e-01 -8.814e-01 -8.998e-01 -8.726e-01 -1.064e+00
 -8.400e-01 -1.243e+00 -7.838e-01 -8.075e-01 -6.428e-01 -5.771e-01
 -8.007e-01 -6.319e-01 -7.902e-01 -2.133e+00 -1.422e+00 -4.770e-01
 -5.551e-01 -5.727e-01 -1.352e+00 -1.571e+00 -1.718e+00 -4.945e-01
 -5.148e-01 -4.987e-01 -1.464e+00 -1.140e+00 -8.487e-01 -5.777e-01
 -8.058e-01 -1.239e+00 -1.272e+00 -7.437e-02 -9.140e+00 -1.433e-03
 -2.431e+00 -6.028e+00  1.041e-01  2.005e+01]
ColMag-max:  [ 1.897e+00  1.575e+00  1.325e+00  1.388e+00  1.981e+00  2.375e+00
  2.060e+00  1.945e+00  1.933e+00  2.114e+00  1.415e+00  1.195e+00
  1.167e+00  1.587e+00  8.356e-01  9.617e-01  9.852e-01  5.317e-01
  4.587e-01  8.040e-01  9.041e-01  7.475e-01  9.651e-01  1.896e+00
  1.326e+00  7.104e-01  5.639e-01  8.850e-01  1.333e+00  2.045e+00
  1.608e+00  8.448e-01  5.320e-01  6.750e-01  1.339e+00  1.097e+00
  7.379e-01  1.228e+00  1.461e+00  4.897e+00 -1.322e-01  6.594e+00
  1.657e-02 -8.000e-04  8.999e+00  4.533e+01]
----------
Size of features in training data: (1200000, 46)
Size of output in training data: (1200000,)
Size of features in test data: (1200000, 46)
Size of output in test data: (1200000,)
----------
number of datapoints:  1200000
z-minmax:  0.0 0.9999999999999999
ColMag-min:  [-3.433 -4.596 -7.973 -4.367 -5.099 -3.472 -3.557 -4.033 -3.336 -3.181
 -3.74  -3.814 -3.956 -4.441 -3.841 -3.777 -3.643 -3.667 -3.961 -4.277
 -2.896 -4.419 -4.037 -1.679 -2.308 -2.959 -4.506 -4.716 -4.996 -1.51
 -2.255 -2.359 -5.332 -3.608 -2.734 -2.199 -3.171 -3.455 -3.142 -1.85
 -4.175 -2.916 -4.578 -2.411 -3.861 -2.696]
ColMag-max:  [6.858 6.053 5.902 5.451 7.968 7.799 9.284 7.801 6.418 6.165 4.525 3.58
 4.285 4.858 2.795 3.554 4.395 2.762 2.089 4.351 3.096 1.6   2.591 4.07
 3.406 3.177 1.983 2.378 3.59  4.612 4.767 3.605 1.997 2.214 3.401 3.118
 2.813 3.346 3.172 6.83  3.317 3.988 2.831 3.552 2.514 2.721]
----------
----------
number of datapoints:  1200000
z-minmax:  0.0 0.9999999999999999
ColMag-min:  [-3.436 -4.598 -8.262 -4.565 -5.084 -3.475 -3.557 -4.083 -3.335 -3.182
 -3.581 -3.813 -3.961 -4.442 -3.832 -4.004 -3.639 -3.67  -4.096 -4.264
 -2.888 -4.417 -4.034 -1.68  -2.276 -2.962 -4.507 -4.713 -4.999 -1.51
 -2.264 -2.364 -5.334 -3.609 -2.721 -2.187 -3.151 -3.454 -3.143 -1.85
 -4.21  -2.916 -4.372 -2.412 -3.862 -2.698]
ColMag-max:  [6.813 6.053 5.805 5.457 8.217 7.799 9.284 7.739 6.396 6.17  4.524 3.376
 4.375 4.856 2.816 3.416 4.385 2.835 2.09  4.35  3.09  1.645 2.586 4.07
 3.38  3.179 1.988 2.384 3.596 4.616 4.748 3.606 1.997 2.223 3.414 3.123
 2.823 3.366 3.173 6.947 3.318 3.992 2.831 3.553 2.577 2.723]
----------
